[gd_scene load_steps=4 format=2]

[ext_resource path="res://LaserUgly.png" type="Texture" id=1]
[ext_resource path="res://Laser.gd" type="Script" id=2]

[sub_resource type="BoxShape" id=1]
extents = Vector3( 17.4379, 1, 20.8113 )

[node name="Laser" type="Sprite3D" groups=[
"Actor",
"Killer",
]]
transform = Transform( 0.5, 0, 0, 0, 0.5, 0, 0, 0, 0.5, -15.8066, 1.3286, 10.3296 )
texture = ExtResource( 1 )
script = ExtResource( 2 )

[node name="Laser2" type="Sprite3D" parent="."]
transform = Transform( 0.808185, 0, -0.588928, 0, 1, 0, 0.588928, 0, 0.808185, 0, 0, -12.4204 )
texture = ExtResource( 1 )

[node name="Laser4" type="Sprite3D" parent="."]
transform = Transform( 0.990171, 0, -0.139864, 0, 1, 0, 0.139864, 0, 0.990171, 24.0725, 0, -12.4204 )
texture = ExtResource( 1 )

[node name="Laser8" type="Sprite3D" parent="."]
transform = Transform( 0.94545, 0, -0.325766, 0, 1, 0, 0.325766, 0, 0.94545, 11.7826, 0, -7.99509 )
texture = ExtResource( 1 )

[node name="Laser5" type="Sprite3D" parent="."]
transform = Transform( 0.990171, 0, -0.139864, 0, 1, 0, 0.139864, 0, 0.990171, 23.4266, 0, -23.1654 )
texture = ExtResource( 1 )

[node name="Laser6" type="Sprite3D" parent="."]
transform = Transform( 0.164514, 0, 0.986375, 0, 1, 0, -0.986375, 0, 0.164514, 12.5825, 0, -32.3626 )
texture = ExtResource( 1 )

[node name="Laser7" type="Sprite3D" parent="."]
transform = Transform( 0.164514, 0, 0.986375, 0, 1, 0, -0.986375, 0, 0.164514, 16.8321, 0, 0.430653 )
texture = ExtResource( 1 )

[node name="Laser3" type="Sprite3D" parent="."]
transform = Transform( 0.889727, 0, -0.456492, 0, 1, 0, 0.456492, 0, 0.889727, 0, 0, -26.9859 )
texture = ExtResource( 1 )

[node name="Area" type="Area" parent="."]
transform = Transform( 1, 0, 0, 0, 1, 0, 0, 0, 1, 7.22129, 0, -14.8967 )

[node name="CollisionShape" type="CollisionShape" parent="Area"]
transform = Transform( 1, 0, 0, 0, 1, 0, 0, 0, 1, 2.78142, 0, -1.38698 )
shape = SubResource( 1 )

[node name="Timer" type="Timer" parent="."]
wait_time = 4.0
[connection signal="body_entered" from="Area" to="." method="_on_Area_body_entered"]
[connection signal="timeout" from="Timer" to="." method="_on_Timer_timeout"]
